34 2
27 -5.66834 4.88499
2 -5.99058 5.184
7 -5.64262 5.11857
1 -6.34009 5.3883
0 -6.61852 5.82457
32 -6.27066 5.25589
30 -5.4743 4.66097
33 -6.1434 5.22423
13 -5.75515 4.94498
3 -5.93177 5.27066
21 -4.53969 4.22428
11 -4.17919 3.78009
31 -6.02584 5.03362
6 -6.70562 6.05468
16 -5.74049 5.35069
5 -6.72031 6.07331
10 -5.75924 5.13512
8 -5.70816 4.78732
18 -4.43563 3.60422
14 -5.05 4.10912
23 -5.88175 5.0122
26 -5.28236 4.36983
29 -5.87297 4.93321
15 -5.29849 4.2976
19 -4.7834 4.10042
9 -4.15099 3.52026
20 -4.66928 3.75428
22 -4.86976 3.94994
28 -4.94758 4.16662
24 -5.17051 4.28452
12 -4.54582 4.2051
25 -5.85012 5.03406
17 -3.97298 3.47126
4 -5.60241 5.14565
