34 2
33 -1.5808002 0.1472923
0 -0.43598738 1.5204566
32 -1.6137754 0.1277968
2 -0.75888634 0.8307941
1 -0.60374224 1.1328737
23 -2.0574312 -0.15047818
31 -1.4139583 0.17541936
3 -0.5961351 1.0976721
5 -0.25240287 2.4190032
13 -0.65535295 0.95823926
8 -1.0325726 0.4779894
6 -0.26112604 2.439255
25 -1.7264951 0.04370071
7 -0.5534311 1.2483938
29 -2.1173308 -0.12235725
27 -1.6041431 0.07103387
30 -1.1662465 0.42757156
4 -0.3149301 2.137782
10 -0.29899094 2.377721
16 -0.28405672 2.3466694
24 -1.7020073 0.019812379
26 -1.9244475 -0.063773826
28 -1.0981026 0.44685644
15 -1.5234605 0.1164512
22 -1.5656997 0.096356265
14 -1.7559588 -0.011195471
21 -0.49435458 1.3472737
12 -0.54405093 1.2149363
19 -0.5795435 1.0932183
20 -1.6023015 0.06537818
11 -0.42153803 1.3999869
17 -0.44100204 1.3805318
9 -1.2195119 0.3560962
18 -1.6212634 0.07597288
