6.239584410604487319e-01 5.534335530247346258e-01 5.884512569848445729e-01 5.018759645846683215e-01 4.393282094640058033e-01
7.859649692066328353e-01 4.380265684432947948e-01 2.933573400138457798e-01 1.976401211946725578e-01 3.728525359704991660e-01
2.461431383045509513e-01 1.311450554408678804e-01 1.886786950187933354e-01 2.913273300883560402e-01 2.488640260314093910e-01
9.445107280118766879e-02 1.794260145284300445e-01 1.773946556095989113e-01 2.521679361906670747e-01 2.800933531232822626e-01
2.897701533763885062e-01 1.235735179729743477e-01 2.037174543191487275e-01 2.217442676654778899e-01 2.156654603484033927e-01
1.091392981241625926e-01 1.475853606133535889e-01 1.952615257957963923e-01 1.801658738501518975e-01 2.946192201007787337e-01
4.004876287387327261e-01 1.719132198616211693e-01 1.102245785835764963e-01 1.962304201999967579e-01 2.724731793189643647e-01
3.562352201050379974e-01 8.024378151770104883e-02 2.274006923520172918e-01 1.505183826790764401e-01 2.843911686256981319e-01
3.096800158011203119e-01 1.814335489655378997e-01 2.975597194397252010e-01 2.454189485018800077e-01 3.550055106290464502e-01
1.462828443621272123e-01 1.352985425532016173e-01 1.641323843796846094e-01 2.113692399845992775e-01 2.278631114223850229e-01
