6.858831938750125090e-01 6.862104350561346600e-01 5.445463776864717387e-01 5.571239242200886066e-01 5.369590455816756203e-01
6.626446938458897540e-01 5.644522197936795438e-01 4.861894732689505672e-01 5.592491952007830891e-01 5.677374454956797267e-01
5.621968125953583639e-01 3.132556269624904854e-01 3.566100885908452534e-01 4.046103804387809477e-01 3.488593079510108885e-01
4.777757843117775294e-01 3.856889517774271803e-01 3.186948431509312729e-01 2.803194004989348342e-01 2.349540006892749389e-01
3.141241889006942123e-01 4.235640968402898943e-01 3.882729588496060535e-01 4.093031457779058302e-01 3.658720633865115146e-01
3.611725917143147613e-01 4.161560798150950036e-01 3.354662160987040287e-01 3.925416298805886606e-01 3.043955265225410933e-01
2.091816660318989995e-01 2.924496576926549629e-01 3.752243115940390172e-01 3.787056450721929535e-01 3.913928965156946993e-01
4.680313427253687264e-01 2.234868313790291938e-01 2.951707519013094250e-01 3.222165291883543059e-01 4.411397329678602430e-01
2.983818802442883000e-01 4.948030410410412805e-01 3.464223054492813758e-01 4.618660048700670706e-01 3.387457736084917848e-01
3.462871896946499994e-01 4.508186407296675968e-01 2.853609212598679501e-01 5.221385981082954375e-01 3.741875812007636193e-01
