6.826129043124947726e-01 6.625301527372186028e-01 6.726278377890081428e-01 5.457562738687617987e-01 5.080283184587407463e-01
8.339309270706679600e-01 5.756003793021363668e-01 4.608209407329711960e-01 3.367910469317357824e-01 5.166910802551663018e-01
4.508778914884500333e-01 2.779836708324840422e-01 3.759450644300383892e-01 4.212065279159732945e-01 4.875020553620812991e-01
2.000491452871197839e-01 3.363386196724445498e-01 3.475868174636376207e-01 3.883790817908834847e-01 4.386869632212553327e-01
4.931318903844520429e-01 2.818184334738969010e-01 3.724335354459271108e-01 3.942648427453678273e-01 3.240670857735698518e-01
2.569166170728229281e-01 2.845648121340884074e-01 3.950864411866624182e-01 4.055543123461693433e-01 4.437006322864939234e-01
5.709791546496322256e-01 2.866924805269426835e-01 2.249284985002318049e-01 3.739974032837163898e-01 4.247465864236871225e-01
5.828177438689134959e-01 2.188135109533355382e-01 3.895932163284889227e-01 3.271081656003555493e-01 4.376834148661327695e-01
4.974289004134910264e-01 3.313795818088935419e-01 4.192356966158298226e-01 3.747482257975514042e-01 4.806992729583017820e-01
3.370808210593626009e-01 2.696217174233334624e-01 3.357917952549368534e-01 3.322927743216061436e-01 4.286382289076588470e-01
