6.471269342692494986e-01 6.341651127435222746e-01 4.752336264325319748e-01 4.142960689608649050e-01 4.319709009788054721e-01
5.848886220894301546e-01 5.059195882456574145e-01 4.167538034214430254e-01 3.586763170646941612e-01 4.216816865595659491e-01
4.730202946296406807e-01 2.130843044094616889e-01 2.260908523043662632e-01 3.353521170104498683e-01 2.453204578627883603e-01
2.812064188823752975e-01 2.600488951316183850e-01 2.354466778841266261e-01 2.035123170837072615e-01 1.890950921627245207e-01
2.106535824633069265e-01 3.180801384888062855e-01 3.071126983846022562e-01 2.672711946561594498e-01 2.434495858026810844e-01
2.036032695718210939e-01 2.684126880819130423e-01 2.074875950698551741e-01 2.748433380532191994e-01 2.016067449094656738e-01
1.530306330319924912e-01 1.956845456144377937e-01 2.651154286617303235e-01 2.056593837689776882e-01 2.776310902462131858e-01
2.140719345400827200e-01 1.461173410502627779e-01 1.848731212443939786e-01 2.285095715309486131e-01 3.273611815677829884e-01
1.586907016965704853e-01 3.074019460188697206e-01 1.752102737186174430e-01 3.276740878695583725e-01 1.754128720479586068e-01
1.769383544952282949e-01 2.622088885742667741e-01 1.732168243818717479e-01 3.698481911067341144e-01 2.705680306872706442e-01
