7.004051467367731210e-01 6.892234537896164692e-01 5.459947722722812147e-01 5.099001961776458147e-01 5.110594725458968979e-01
6.497555913348450618e-01 5.724572671669639901e-01 4.830670221173037349e-01 4.717187975415341739e-01 4.993404500384306943e-01
5.657974525705241620e-01 2.984690288511425149e-01 3.303450114085187406e-01 4.165324469103625638e-01 3.234016388397473185e-01
4.499162928602951084e-01 3.953587204362895569e-01 3.285967159363096246e-01 2.945994462827859484e-01 2.477992945350344922e-01
3.229608025968672691e-01 4.455916746126092898e-01 4.146423012647048045e-01 3.987436476241207339e-01 3.660322589284654149e-01
3.605571251148358969e-01 4.198066097102258754e-01 3.438860472707163662e-01 4.025522625449192704e-01 3.124968585564091850e-01
2.136218634638962777e-01 2.884308248784173134e-01 3.751237058385269441e-01 3.562713040247227347e-01 4.009509883032316702e-01
4.357553564813811953e-01 2.296100392721162897e-01 2.938840894342944488e-01 3.481716920252688197e-01 4.685268224792865643e-01
3.137427574226650528e-01 4.851150652254334061e-01 3.302662960166891648e-01 4.757384067880036094e-01 3.344465747914978082e-01
3.436897468389032984e-01 4.423470071230616307e-01 2.924972353849392692e-01 5.280724199784468942e-01 3.838466849307193285e-01
