6.266577503958137285e-01 6.393090183195041520e-01 4.833639426567648001e-01 5.126537858256997593e-01 4.798168663653732402e-01
6.049020859633317260e-01 4.732911250893706567e-01 4.103301096068677212e-01 4.916529597102852756e-01 5.317342751122867694e-01
4.846943823625430303e-01 2.179391088894908068e-01 2.366047065350705136e-01 3.581624289056377086e-01 2.784861271048968967e-01
2.785862902240089922e-01 2.387739882318653806e-01 2.207834591116628054e-01 1.807270262392537685e-01 1.756190437658810000e-01
1.858482088490037709e-01 2.776044586084198129e-01 2.711054952971236887e-01 2.542302482633453375e-01 2.333558342226255689e-01
2.211719460868245002e-01 2.714621098641519237e-01 2.028574861680760566e-01 2.676217177602015496e-01 1.884809832036330457e-01
1.560033332427617492e-01 1.970708229119666477e-01 2.638328271416131021e-01 2.366795908293412853e-01 2.639987610973650312e-01
2.519666151655637898e-01 1.430182494301223961e-01 1.772307020573491709e-01 1.943204140722738227e-01 2.740791028355360481e-01
1.585349070199358057e-01 3.250280242282153620e-01 1.834184672033620511e-01 3.102164296392243004e-01 1.763737785671349034e-01
1.822732027753309891e-01 2.876239851865490249e-01 1.805331775982939313e-01 3.958475181829514411e-01 2.627286514684243346e-01
