6.830818900077607614e-01 6.390708560167017716e-01 6.536892997927801208e-01 5.735274494150063296e-01 5.086427738176344526e-01
8.369621672100031606e-01 5.579016382459843770e-01 4.375617397394981900e-01 3.119392051674742539e-01 5.304773903503616772e-01
4.402020924266144553e-01 2.664471562171193408e-01 3.636763448945652399e-01 4.364684776919945941e-01 4.489364565918513850e-01
1.967910682043286230e-01 3.357047406103422782e-01 3.316139403612017866e-01 3.790851414009441256e-01 4.334721597863967490e-01
5.068304118953198545e-01 2.796944777942599880e-01 3.785488193284501368e-01 3.846560705516304246e-01 3.571378081140537675e-01
2.396228849528928284e-01 2.771315177673440155e-01 3.809313570897032153e-01 3.948088932856614330e-01 4.466566636943147262e-01
5.709672481796705945e-01 2.868085388738251806e-01 2.212602566726750430e-01 3.589068044784843314e-01 4.245374479041387761e-01
5.841382634412828345e-01 2.136179068627880595e-01 3.856217825060228588e-01 3.186565394032752629e-01 4.467428391121756048e-01
4.960153157483638831e-01 3.365881488169037983e-01 4.174406693406496061e-01 3.867198727081528342e-01 4.852170007659245554e-01
2.652780061744409723e-01 2.815907279662017704e-01 3.217696865303474874e-01 3.468301192715920744e-01 3.936653852795521380e-01
