7.004051467367732320e-01 6.892234537896163582e-01 5.459947722722813257e-01 5.099001961776458147e-01 5.110594725458967869e-01
6.497555913348450618e-01 5.724572671669638790e-01 4.830670221173037904e-01 4.717187975415341183e-01 4.993404500384307498e-01
5.657974525705241620e-01 2.984690288511425149e-01 3.303450114085187406e-01 4.165324469103625082e-01 3.234016388397472630e-01
4.499162928602951084e-01 3.953587204362895569e-01 3.285967159363096246e-01 2.945994462827859484e-01 2.477992945350345200e-01
3.229608025968672136e-01 4.455916746126093453e-01 4.146423012647047490e-01 3.987436476241207894e-01 3.660322589284654149e-01
3.605571251148359524e-01 4.198066097102259309e-01 3.438860472707163662e-01 4.025522625449193259e-01 3.124968585564091850e-01
2.136218634638963054e-01 2.884308248784173134e-01 3.751237058385268885e-01 3.562713040247227347e-01 4.009509883032317257e-01
4.357553564813811953e-01 2.296100392721162620e-01 2.938840894342944488e-01 3.481716920252687641e-01 4.685268224792865088e-01
3.137427574226650528e-01 4.851150652254333506e-01 3.302662960166891648e-01 4.757384067880036649e-01 3.344465747914978082e-01
3.436897468389032984e-01 4.423470071230616862e-01 2.924972353849392692e-01 5.280724199784468942e-01 3.838466849307193285e-01
