6.072796824665706028e-01 5.704450548134483157e-01 5.725717706754976932e-01 4.307123045162454811e-01 4.131249668762725369e-01
7.516535346463346645e-01 4.379176637203473499e-01 3.139066603122319110e-01 2.330970223639311223e-01 3.746059771221000867e-01
2.556298673670702182e-01 1.487595249301255362e-01 2.101122701546601079e-01 2.668803056576220523e-01 3.078850024172305466e-01
9.387741029434464035e-02 1.882464999308278986e-01 2.028640103658221339e-01 2.566820231919506590e-01 2.814752390202657772e-01
2.720796056554909415e-01 1.418047986313378250e-01 1.964964457354163030e-01 2.398375004890946904e-01 1.691649027145536444e-01
1.212432989854803217e-01 1.404783634328053976e-01 2.082365896184857346e-01 1.881535981757935239e-01 2.680363560384734223e-01
3.292751933462987335e-01 1.445139276150195218e-01 1.028578530631667071e-01 2.142336753470602262e-01 2.446273424070858904e-01
3.629769260657016439e-01 8.441581137277050229e-02 2.230707146723270584e-01 1.608420715328352235e-01 2.749350369696930141e-01
2.820804194376985707e-01 1.720291892442274151e-01 2.522579760785486624e-01 2.229109159171381305e-01 3.227021998863238705e-01
1.881881106896821088e-01 1.239714632295548097e-01 1.797597309070121108e-01 1.825807574431039526e-01 2.848183750827065208e-01
