6.471269342692493876e-01 6.341651127435221635e-01 4.752336264325320303e-01 4.142960689608649605e-01 4.319709009788054166e-01
5.848886220894302657e-01 5.059195882456574145e-01 4.167538034214429699e-01 3.586763170646942167e-01 4.216816865595658936e-01
4.730202946296406807e-01 2.130843044094616889e-01 2.260908523043662355e-01 3.353521170104498683e-01 2.453204578627883881e-01
2.812064188823752975e-01 2.600488951316183295e-01 2.354466778841265984e-01 2.035123170837072892e-01 1.890950921627244929e-01
2.106535824633069542e-01 3.180801384888062855e-01 3.071126983846023117e-01 2.672711946561594498e-01 2.434495858026811121e-01
2.036032695718211216e-01 2.684126880819130423e-01 2.074875950698552018e-01 2.748433380532191994e-01 2.016067449094657016e-01
1.530306330319924912e-01 1.956845456144377660e-01 2.651154286617303235e-01 2.056593837689776605e-01 2.776310902462132413e-01
2.140719345400826923e-01 1.461173410502627779e-01 1.848731212443940064e-01 2.285095715309485853e-01 3.273611815677829884e-01
1.586907016965704853e-01 3.074019460188697206e-01 1.752102737186174430e-01 3.276740878695584280e-01 1.754128720479586068e-01
1.769383544952282949e-01 2.622088885742667741e-01 1.732168243818717757e-01 3.698481911067340588e-01 2.705680306872706442e-01
