6.239584410604488429e-01 5.534335530247347368e-01 5.884512569848445729e-01 5.018759645846684325e-01 4.393282094640057478e-01
7.859649692066327242e-01 4.380265684432947393e-01 2.933573400138457243e-01 1.976401211946725578e-01 3.728525359704992215e-01
2.461431383045509791e-01 1.311450554408678804e-01 1.886786950187933354e-01 2.913273300883559846e-01 2.488640260314093633e-01
9.445107280118765491e-02 1.794260145284300167e-01 1.773946556095989113e-01 2.521679361906670747e-01 2.800933531232822626e-01
2.897701533763885062e-01 1.235735179729743616e-01 2.037174543191487552e-01 2.217442676654778622e-01 2.156654603484033927e-01
1.091392981241626065e-01 1.475853606133535889e-01 1.952615257957964201e-01 1.801658738501518975e-01 2.946192201007787337e-01
4.004876287387327816e-01 1.719132198616211971e-01 1.102245785835765102e-01 1.962304201999967856e-01 2.724731793189644202e-01
3.562352201050379974e-01 8.024378151770104883e-02 2.274006923520172641e-01 1.505183826790764401e-01 2.843911686256981319e-01
3.096800158011203119e-01 1.814335489655379274e-01 2.975597194397252010e-01 2.454189485018799799e-01 3.550055106290465057e-01
1.462828443621272123e-01 1.352985425532016173e-01 1.641323843796846094e-01 2.113692399845993053e-01 2.278631114223850229e-01
